   0.0000000e+00   3.0319824e+03   9.9548530e+02  -9.9548530e+02  -3.6687695e+05   3.0164713e+04  -3.0164713e+04
   1.0000000e-01  -3.1433690e+03   9.5460515e+02  -9.5460515e+02  -9.3871770e+04   1.2675625e+04  -1.2675625e+04
   2.0000000e-01  -2.9051405e+03   8.9764999e+02  -8.9764999e+02  -3.7677206e+04   6.8360715e+03  -6.8360715e+03
   3.0000000e-01  -1.7362956e+03   8.2997326e+02  -8.2997326e+02  -1.6767770e+04   4.4012549e+03  -4.4012549e+03
   4.0000000e-01  -2.3775601e+03   7.7104055e+02  -7.7104055e+02  -1.3338808e+04   3.1326851e+03  -3.1326851e+03
   5.0000000e-01  -1.9854175e+03   7.2159365e+02  -7.2159365e+02  -8.6518422e+03   2.3754178e+03  -2.3754178e+03
   6.0000000e-01  -1.5978492e+03   6.7995582e+02  -6.7995582e+02  -5.7699232e+03   1.8811164e+03  -1.8811164e+03
   7.0000000e-01  -7.7698222e+02   6.4448201e+02  -6.4448201e+02  -2.9809585e+03   1.5375112e+03  -1.5375112e+03
   8.0000000e-01  -5.9715281e+02   6.1387725e+02  -6.1387725e+02  -2.1392073e+03   1.2872484e+03  -1.2872484e+03
   9.0000000e-01  -3.3059212e+01   5.8716325e+02  -5.8716325e+02  -9.1276742e+02   1.0982899e+03  -1.0982899e+03
   1.0000000e+00   6.8279761e+00   5.6360189e+02  -5.6360189e+02  -7.2565230e+02   9.5147662e+02  -9.5147662e+02
   1.1000000e+00   3.1553665e+02   5.4263046e+02  -5.4263046e+02  -2.2894601e+02   8.3471946e+02  -8.3471946e+02
   1.2000000e+00   2.2989760e+02   5.2381406e+02  -5.2381406e+02  -3.0415772e+02   7.4005152e+02  -7.4005152e+02
   1.3000000e+00   1.0914773e+02   5.0681170e+02  -5.0681170e+02  -4.0443114e+02   6.6203088e+02  -6.6203088e+02
   1.4000000e+00   1.6910003e+02   4.9135234e+02  -4.9135234e+02  -3.0066570e+02   5.9682662e+02  -5.9682662e+02
   1.5000000e+00  -2.6450059e+02   4.7721782e+02  -4.7721782e+02  -6.9086616e+02   5.4167172e+02  -5.4167172e+02
   1.6000000e+00  -5.5670638e+02   4.6423042e+02  -4.6423042e+02  -8.9355022e+02   4.9452288e+02  -4.9452288e+02
   1.7000000e+00  -8.0310337e+02   4.5224386e+02  -4.5224386e+02  -1.0280643e+03   4.5384180e+02  -4.5384180e+02
   1.8000000e+00  -8.4457508e+02   4.4113651e+02  -4.4113651e+02  -9.7836561e+02   4.1845053e+02  -4.1845053e+02
   1.9000000e+00  -9.1226939e+02   4.3080638e+02  -4.3080638e+02  -9.5519332e+02   3.8743339e+02  -3.8743339e+02
   2.0000000e+00  -7.1244213e+02   4.2116722e+02  -4.2116722e+02  -7.3920935e+02   3.6006896e+02  -3.6006896e+02
   2.1000000e+00  -6.7517881e+02   4.1214556e+02  -4.1214556e+02  -6.6168074e+02   3.3578192e+02  -3.3578192e+02
   2.2000000e+00  -4.3763496e+02   4.0367835e+02  -4.0367835e+02  -4.5930948e+02   3.1410850e+02  -3.1410850e+02
   2.3000000e+00  -4.4540251e+02   3.9571121e+02  -3.9571121e+02  -4.3496168e+02   2.9467108e+02  -2.9467108e+02
   2.4000000e+00  -5.8734251e+02   3.8819690e+02  -3.8819690e+02  -4.9520557e+02   2.7715942e+02  -2.7715942e+02
   2.5000000e+00  -3.8448776e+02   3.8109418e+02  -3.8109418e+02  -3.4681499e+02   2.6131654e+02  -2.6131654e+02
   2.6000000e+00  -3.3114745e+02   3.7436689e+02  -3.7436689e+02  -2.9701235e+02   2.4692794e+02  -2.4692794e+02
   2.7000000e+00  -1.1346119e+02   3.6798313e+02  -3.6798313e+02  -1.6212830e+02   2.3381329e+02  -2.3381329e+02
   2.8000000e+00  -1.9210107e+02   3.6191469e+02  -3.6191469e+02  -1.9497188e+02   2.2182007e+02  -2.2182007e+02
   2.9000000e+00  -3.4087060e+02   3.5613647e+02  -3.5613647e+02  -2.6067902e+02   2.1081843e+02  -2.1081843e+02
   3.0000000e+00  -4.6240199e+02   3.5062608e+02  -3.5062608e+02  -3.0761137e+02   2.0069726e+02  -2.0069726e+02
   3.1000000e+00  -3.1200338e+02   3.4536350e+02  -3.4536350e+02  -2.2137478e+02   1.9136096e+02  -1.9136096e+02
   3.2000000e+00  -2.1331505e+02   3.4033070e+02  -3.4033070e+02  -1.6562773e+02   1.8272685e+02  -1.8272685e+02
   3.3000000e+00  -1.9250118e+02   3.3551147e+02  -3.3551147e+02  -1.4889734e+02   1.7472316e+02  -1.7472316e+02
   3.4000000e+00  -1.4142226e+02   3.3089112e+02  -3.3089112e+02  -1.2022432e+02   1.6728727e+02  -1.6728727e+02
   3.5000000e+00  -8.0868079e+01   3.2645635e+02  -3.2645635e+02  -8.9567477e+01   1.6036432e+02  -1.6036432e+02
   3.6000000e+00   1.8157102e+02   3.2219509e+02  -3.2219509e+02   2.1932148e+01   1.5390611e+02  -1.5390611e+02
   3.7000000e+00   1.0074770e+02   3.1809632e+02  -3.1809632e+02  -1.1264952e+01   1.4787009e+02  -1.4787009e+02
   3.8000000e+00   1.1292474e+02   3.1414997e+02  -3.1414997e+02  -6.0832002e+00   1.4221861e+02  -1.4221861e+02
   3.9000000e+00   3.4717432e+01   3.1034683e+02  -3.1034683e+02  -3.5543189e+01   1.3691821e+02  -1.3691821e+02
   4.0000000e+00   3.3528139e+00   3.0667845e+02  -3.0667845e+02  -4.5840585e+01   1.3193911e+02  -1.3193911e+02
   4.1000000e+00   2.7258650e+02   3.0313706e+02  -3.0313706e+02   5.3104277e+01   1.2725467e+02  -1.2725467e+02
   4.2000000e+00   2.8000039e+02   2.9971552e+02  -2.9971552e+02   5.3846490e+01   1.2284105e+02  -1.2284105e+02
   4.3000000e+00   1.9124865e+02   2.9640720e+02  -2.9640720e+02   2.1393589e+01   1.1867682e+02  -1.1867682e+02
   4.4000000e+00   8.6909863e+01   2.9320601e+02  -2.9320601e+02  -1.4489375e+01   1.1474268e+02  -1.1474268e+02
   4.5000000e+00   1.0496608e+02   2.9010629e+02  -2.9010629e+02  -8.0605995e+00   1.1102123e+02  -1.1102123e+02
   4.6000000e+00   5.2669248e+01   2.8710279e+02  -2.8710279e+02  -2.4666751e+01   1.0749669e+02  -1.0749669e+02
   4.7000000e+00   2.6927617e+01   2.8419063e+02  -2.8419063e+02  -3.2015105e+01   1.0415479e+02  -1.0415479e+02
   4.8000000e+00  -5.1133711e+01   2.8136529e+02  -2.8136529e+02  -5.5162595e+01   1.0098255e+02  -1.0098255e+02
   4.9000000e+00  -2.0468781e+02   2.7862254e+02  -2.7862254e+02  -1.0001301e+02   9.7968142e+01  -9.7968142e+01
   5.0000000e+00  -1.2893131e+02   2.7595842e+02  -2.7595842e+02  -7.4545695e+01   9.5100789e+01  -9.5100789e+01
   5.1000000e+00  -2.8312350e+02   2.7336926e+02  -2.7336926e+02  -1.1727610e+02   9.2370639e+01  -9.2370639e+01
   5.2000000e+00  -2.8895387e+02   2.7085161e+02  -2.7085161e+02  -1.1559151e+02   8.9768673e+01  -8.9768673e+01
   5.3000000e+00  -2.2130188e+02   2.6840223e+02  -2.6840223e+02  -9.3387124e+01   8.7286620e+01  -8.7286620e+01
   5.4000000e+00  -1.5697497e+02   2.6601810e+02  -2.6601810e+02  -7.3116078e+01   8.4916883e+01  -8.4916883e+01
   5.5000000e+00  -1.6105190e+02   2.6369637e+02  -2.6369637e+02  -7.2242004e+01   8.2652472e+01  -8.2652472e+01
   5.6000000e+00  -1.6620836e+02   2.6143436e+02  -2.6143436e+02  -7.1693147e+01   8.0486948e+01  -8.0486948e+01
   5.7000000e+00  -1.8933992e+02   2.5922956e+02  -2.5922956e+02  -7.5856457e+01   7.8414369e+01  -7.8414369e+01
   5.8000000e+00  -2.3856758e+02   2.5707961e+02  -2.5707961e+02  -8.6531993e+01   7.6429242e+01  -7.6429242e+01
   5.9000000e+00  -2.5465681e+02   2.5498225e+02  -2.5498225e+02  -8.8406293e+01   7.4526489e+01  -7.4526489e+01
   6.0000000e+00  -1.8109547e+02   2.5293540e+02  -2.5293540e+02  -6.7979569e+01   7.2701401e+01  -7.2701401e+01
   6.1000000e+00  -1.3260299e+02   2.5093704e+02  -2.5093704e+02  -5.4496377e+01   7.0949611e+01  -7.0949611e+01
   6.2000000e+00  -8.2447940e+01   2.4898529e+02  -2.4898529e+02  -4.1153472e+01   6.9267064e+01  -6.9267064e+01
   6.3000000e+00  -4.5232999e+01   2.4707838e+02  -2.4707838e+02  -3.1392009e+01   6.7649986e+01  -6.7649986e+01
   6.4000000e+00  -6.6818988e+01   2.4521461e+02  -2.4521461e+02  -3.5681269e+01   6.6094866e+01  -6.6094866e+01
   6.5000000e+00  -8.6401342e+01   2.4339237e+02  -2.4339237e+02  -3.9348068e+01   6.4598431e+01  -6.4598431e+01
   6.6000000e+00  -7.1780086e+01   2.4161016e+02  -2.4161016e+02  -3.5163143e+01   6.3157625e+01  -6.3157625e+01
   6.7000000e+00  -1.3495177e+01   2.3986652e+02  -2.3986652e+02  -2.1431645e+01   6.1769597e+01  -6.1769597e+01
   6.8000000e+00   3.7309319e+00   2.3816009e+02  -2.3816009e+02  -1.7190840e+01   6.0431678e+01  -6.0431678e+01
   6.9000000e+00  -3.1491933e+01   2.3648955e+02  -2.3648955e+02  -2.4420795e+01   5.9141372e+01  -5.9141372e+01
   7.0000000e+00  -2.4913760e+01   2.3485368e+02  -2.3485368e+02  -2.2501874e+01   5.7896340e+01  -5.7896340e+01
   7.1000000e+00  -1.0404942e+02   2.3325128e+02  -2.3325128e+02  -3.8629361e+01   5.6694389e+01  -5.6694389e+01
   7.2000000e+00  -5.8191782e+01   2.3168124e+02  -2.3168124e+02  -2.8343812e+01   5.5533460e+01  -5.5533460e+01
   7.3000000e+00  -7.3375244e+01   2.3014247e+02  -2.3014247e+02  -3.0863679e+01   5.4411619e+01  -5.4411619e+01
   7.4000000e+00  -1.3265093e+02   2.2863395e+02  -2.2863395e+02  -4.2175396e+01   5.3327048e+01  -5.3327048e+01
   7.5000000e+00  -8.5417099e+01   2.2715471e+02  -2.2715471e+02  -3.1954667e+01   5.2278036e+01  -5.2278036e+01
   7.6000000e+00  -8.1240837e+01   2.2570381e+02  -2.2570381e+02  -3.0509425e+01   5.1262973e+01  -5.1262973e+01
   7.7000000e+00  -1.8947950e+01   2.2428035e+02  -2.2428035e+02  -1.7863914e+01   5.0280340e+01  -5.0280340e+01
   7.8000000e+00   2.6550154e+01   2.2288349e+02  -2.2288349e+02  -8.8298456e+00   4.9328704e+01  -4.9328704e+01
   7.9000000e+00   9.5422819e+01   2.2151240e+02  -2.2151240e+02   4.3298931e+00   4.8406714e+01  -4.8406714e+01
   8.0000000e+00   1.3651965e+02   2.2016630e+02  -2.2016630e+02   1.1906037e+01   4.7513092e+01  -4.7513092e+01
   8.1000000e+00   1.1350799e+02   2.1884444e+02  -2.1884444e+02   7.4521951e+00   4.6646632e+01  -4.6646632e+01
   8.2000000e+00   1.2021149e+02   2.1754611e+02  -2.1754611e+02   8.5353843e+00   4.5806191e+01  -4.5806191e+01
   8.3000000e+00   8.8131959e+01   2.1627061e+02  -2.1627061e+02   2.6199925e+00   4.4990688e+01  -4.4990688e+01
   8.4000000e+00   3.6792376e+01   2.1501728e+02  -2.1501728e+02  -6.5389377e+00   4.4199100e+01  -4.4199100e+01
   8.5000000e+00   1.7916416e+01   2.1378548e+02  -2.1378548e+02  -9.7354074e+00   4.3430456e+01  -4.3430456e+01
   8.6000000e+00  -1.8865151e+01   2.1257462e+02  -2.1257462e+02  -1.5944154e+01   4.2683836e+01  -4.2683836e+01
   8.7000000e+00  -5.3280394e+01   2.1138410e+02  -2.1138410e+02  -2.1569922e+01   4.1958366e+01  -4.1958366e+01
   8.8000000e+00  -1.5715671e+02   2.1021335e+02  -2.1021335e+02  -3.8808487e+01   4.1253217e+01  -4.1253217e+01
   8.9000000e+00  -1.8709414e+02   2.0906184e+02  -2.0906184e+02  -4.3175010e+01   4.0567601e+01  -4.0567601e+01
   9.0000000e+00  -1.1863025e+02   2.0792905e+02  -2.0792905e+02  -3.1113163e+01   3.9900768e+01  -3.9900768e+01
   9.1000000e+00  -1.2918509e+02   2.0681447e+02  -2.0681447e+02  -3.2333276e+01   3.9252006e+01  -3.9252006e+01
   9.2000000e+00  -1.5505913e+02   2.0571762e+02  -2.0571762e+02  -3.6004336e+01   3.8620637e+01  -3.8620637e+01
   9.3000000e+00  -1.9149077e+02   2.0463804e+02  -2.0463804e+02  -4.1270797e+01   3.8006015e+01  -3.8006015e+01
   9.4000000e+00  -2.2137546e+02   2.0357528e+02  -2.0357528e+02  -4.5358865e+01   3.7407524e+01  -3.7407524e+01
   9.5000000e+00  -1.9646794e+02   2.0252890e+02  -2.0252890e+02  -4.0734742e+01   3.6824578e+01  -3.6824578e+01
   9.6000000e+00  -1.9352343e+02   2.0149850e+02  -2.0149850e+02  -3.9643978e+01   3.6256617e+01  -3.6256617e+01
   9.7000000e+00  -2.0342474e+02   2.0048365e+02  -2.0048365e+02  -4.0557254e+01   3.5703107e+01  -3.5703107e+01
   9.8000000e+00  -2.0780902e+02   1.9948399e+02  -1.9948399e+02  -4.0607283e+01   3.5163540e+01  -3.5163540e+01
   9.9000000e+00  -2.8346797e+02   1.9849914e+02  -1.9849914e+02  -5.1399875e+01   3.4637428e+01  -3.4637428e+01
   1.0000000e+01  -2.1474276e+02   1.9752872e+02  -1.9752872e+02  -4.0376340e+01   3.4124306e+01  -3.4124306e+01
   1.0100000e+01  -2.4339060e+02   1.9657240e+02  -1.9657240e+02  -4.4012950e+01   3.3623729e+01  -3.3623729e+01
   1.0200000e+01  -2.8371430e+02   1.9562983e+02  -1.9562983e+02  -4.9269363e+01   3.3135272e+01  -3.3135272e+01
   1.0300000e+01  -2.5531068e+02   1.9470070e+02  -1.9470070e+02  -4.4439324e+01   3.2658529e+01  -3.2658529e+01
   1.0400000e+01  -2.6861330e+02   1.9378467e+02  -1.9378467e+02  -4.5710782e+01   3.2193109e+01  -3.2193109e+01
   1.0500000e+01  -2.5970987e+02   1.9288145e+02  -1.9288145e+02  -4.3795161e+01   3.1738641e+01  -3.1738641e+01
   1.0600000e+01  -2.1626234e+02   1.9199075e+02  -1.9199075e+02  -3.7059603e+01   3.1294765e+01  -3.1294765e+01
   1.0700000e+01  -2.1561115e+02   1.9111227e+02  -1.9111227e+02  -3.6451686e+01   3.0861140e+01  -3.0861140e+01
   1.0800000e+01  -2.7169616e+02   1.9024574e+02  -1.9024574e+02  -4.3700752e+01   3.0437438e+01  -3.0437438e+01
   1.0900000e+01  -2.5184707e+02   1.8939088e+02  -1.8939088e+02  -4.0383367e+01   3.0023343e+01  -3.0023343e+01
   1.1000000e+01  -2.6909706e+02   1.8854745e+02  -1.8854745e+02  -4.2176639e+01   2.9618554e+01  -2.9618554e+01
   1.1100000e+01  -2.2417130e+02   1.8771519e+02  -1.8771519e+02  -3.5566021e+01   2.9222779e+01  -2.9222779e+01
   1.1200000e+01  -1.8758061e+02   1.8689385e+02  -1.8689385e+02  -3.0213534e+01   2.8835741e+01  -2.8835741e+01
   1.1300000e+01  -1.4109762e+02   1.8608320e+02  -1.8608320e+02  -2.3671698e+01   2.8457172e+01  -2.8457172e+01
   1.1400000e+01  -8.9287266e+01   1.8528300e+02  -1.8528300e+02  -1.6574837e+01   2.8086814e+01  -2.8086814e+01
   1.1500000e+01  -5.5767850e+01   1.8449304e+02  -1.8449304e+02  -1.2006812e+01   2.7724421e+01  -2.7724421e+01
   1.1600000e+01  -2.4682413e+01   1.8371309e+02  -1.8371309e+02  -7.8501645e+00   2.7369755e+01  -2.7369755e+01
   1.1700000e+01  -9.8200439e+00   1.8294296e+02  -1.8294296e+02  -5.8527992e+00   2.7022586e+01  -2.7022586e+01
   1.1800000e+01   4.4489782e+01   1.8218242e+02  -1.8218242e+02   1.0953510e+00   2.6682696e+01  -2.6682696e+01
   1.1900000e+01   5.9815478e+01   1.8143130e+02  -1.8143130e+02   3.0051665e+00   2.6349871e+01  -2.6349871e+01
   1.2000000e+01   8.3453341e+01   1.8068939e+02  -1.8068939e+02   5.9099848e+00   2.6023909e+01  -2.6023909e+01
   1.2100000e+01   1.0702711e+02   1.7995650e+02  -1.7995650e+02   8.7471259e+00   2.5704612e+01  -2.5704612e+01
   1.2200000e+01   1.1461369e+02   1.7923246e+02  -1.7923246e+02   9.5689187e+00   2.5391792e+01  -2.5391792e+01
   1.2300000e+01   7.4545235e+01   1.7851709e+02  -1.7851709e+02   4.5864942e+00   2.5085266e+01  -2.5085266e+01
   1.2400000e+01   7.2784218e+01   1.7781022e+02  -1.7781022e+02   4.3190864e+00   2.4784857e+01  -2.4784857e+01
   1.2500000e+01   5.7712414e+01   1.7711168e+02  -1.7711168e+02   2.4662033e+00   2.4490398e+01  -2.4490398e+01
   1.2600000e+01   6.8073198e+00   1.7642130e+02  -1.7642130e+02  -3.5987296e+00   2.4201723e+01  -2.4201723e+01
   1.2700000e+01  -1.4895056e+01   1.7573894e+02  -1.7573894e+02  -6.1094120e+00   2.3918675e+01  -2.3918675e+01
   1.2800000e+01  -1.8996167e+01   1.7506443e+02  -1.7506443e+02  -6.5167926e+00   2.3641101e+01  -2.3641101e+01
   1.2900000e+01  -5.2080971e+01   1.7439763e+02  -1.7439763e+02  -1.0273230e+01   2.3368856e+01  -2.3368856e+01
   1.3000000e+01  -1.1881399e+02   1.7373839e+02  -1.7373839e+02  -1.7825020e+01   2.3101795e+01  -2.3101795e+01
   1.3100000e+01  -1.0149582e+02   1.7308657e+02  -1.7308657e+02  -1.5646405e+01   2.2839783e+01  -2.2839783e+01
   1.3200000e+01  -1.2522326e+02   1.7244203e+02  -1.7244203e+02  -1.8155208e+01   2.2582687e+01  -2.2582687e+01
   1.3300000e+01  -9.9262468e+01   1.7180464e+02  -1.7180464e+02  -1.5034512e+01   2.2330378e+01  -2.2330378e+01
   1.3400000e+01  -6.1232599e+01   1.7117426e+02  -1.7117426e+02  -1.0625925e+01   2.2082733e+01  -2.2082733e+01
   1.3500000e+01  -4.0778998e+01   1.7055077e+02  -1.7055077e+02  -8.2442371e+00   2.1839631e+01  -2.1839631e+01
   1.3600000e+01  -3.8272814e+01   1.6993405e+02  -1.6993405e+02  -7.8782636e+00   2.1600957e+01  -2.1600957e+01
   1.3700000e+01   1.8303271e+01   1.6932396e+02  -1.6932396e+02  -1.6208447e+00   2.1366600e+01  -2.1366600e+01
   1.3800000e+01   6.3131285e+01   1.6872040e+02  -1.6872040e+02   3.2513717e+00   2.1136449e+01  -2.1136449e+01
   1.3900000e+01   6.3275798e+01   1.6812325e+02  -1.6812325e+02   3.2319512e+00   2.0910401e+01  -2.0910401e+01
   1.4000000e+01   4.4957872e+01   1.6753240e+02  -1.6753240e+02   1.2419399e+00   2.0688354e+01  -2.0688354e+01
   1.4100000e+01   2.1933780e+01   1.6694773e+02  -1.6694773e+02  -1.2117660e+00   2.0470208e+01  -2.0470208e+01
   1.4200000e+01   9.1038535e+00   1.6636913e+02  -1.6636913e+02  -2.5494338e+00   2.0255870e+01  -2.0255870e+01
   1.4300000e+01   1.3548226e+01   1.6579652e+02  -1.6579652e+02  -2.0582509e+00   2.0045247e+01  -2.0045247e+01
   1.4400000e+01  -1.4917560e+00   1.6522977e+02  -1.6522977e+02  -3.5980206e+00   1.9838248e+01  -1.9838248e+01
   1.4500000e+01  -6.9397010e+01   1.6466880e+02  -1.6466880e+02  -1.0560984e+01   1.9634788e+01  -1.9634788e+01
   1.4600000e+01  -1.2179760e+02   1.6411350e+02  -1.6411350e+02  -1.5817735e+01   1.9434782e+01  -1.9434782e+01
   1.4700000e+01  -1.1848996e+02   1.6356378e+02  -1.6356378e+02  -1.5320540e+01   1.9238149e+01  -1.9238149e+01
   1.4800000e+01  -1.5442145e+02   1.6301955e+02  -1.6301955e+02  -1.8794993e+01   1.9044809e+01  -1.9044809e+01
   1.4900000e+01  -1.3579120e+02   1.6248071e+02  -1.6248071e+02  -1.6737299e+01   1.8854686e+01  -1.8854686e+01
   1.5000000e+01  -1.4306009e+02   1.6194718e+02  -1.6194718e+02  -1.7294918e+01   1.8667705e+01  -1.8667705e+01
   1.5100000e+01  -1.4478002e+02   1.6141888e+02  -1.6141888e+02  -1.7293972e+01   1.8483795e+01  -1.8483795e+01
   1.5200000e+01  -1.6247647e+02   1.6089571e+02  -1.6089571e+02  -1.8864397e+01   1.8302885e+01  -1.8302885e+01
   1.5300000e+01  -1.2888594e+02   1.6037759e+02  -1.6037759e+02  -1.5397821e+01   1.8124907e+01  -1.8124907e+01
   1.5400000e+01  -1.4304639e+02   1.5986445e+02  -1.5986445e+02  -1.6623048e+01   1.7949794e+01  -1.7949794e+01
   1.5500000e+01  -1.4531607e+02   1.5935620e+02  -1.5935620e+02  -1.6681633e+01   1.7777484e+01  -1.7777484e+01
   1.5600000e+01  -1.5157116e+02   1.5885277e+02  -1.5885277e+02  -1.7121247e+01   1.7607912e+01  -1.7607912e+01
   1.5700000e+01  -1.2364608e+02   1.5835408e+02  -1.5835408e+02  -1.4298837e+01   1.7441020e+01  -1.7441020e+01
   1.5800000e+01  -1.1215125e+02   1.5786005e+02  -1.5786005e+02  -1.3075757e+01   1.7276747e+01  -1.7276747e+01
   1.5900000e+01  -7.2407532e+01   1.5737062e+02  -1.5737062e+02  -9.2153786e+00   1.7115037e+01  -1.7115037e+01
   1.6000000e+01  -5.3461558e+01   1.5688572e+02  -1.5688572e+02  -7.3587191e+00   1.6955834e+01  -1.6955834e+01
   1.6100000e+01  -2.9145337e+01   1.5640527e+02  -1.5640527e+02  -5.0320453e+00   1.6799084e+01  -1.6799084e+01
   1.6200000e+01  -2.0426870e+01   1.5592921e+02  -1.5592921e+02  -4.1808672e+00   1.6644735e+01  -1.6644735e+01
   1.6300000e+01  -2.4431255e+01   1.5545746e+02  -1.5545746e+02  -4.5098650e+00   1.6492734e+01  -1.6492734e+01
   1.6400000e+01  -4.4654095e+01   1.5498998e+02  -1.5498998e+02  -6.3126585e+00   1.6343033e+01  -1.6343033e+01
   1.6500000e+01  -1.8676403e+01   1.5452668e+02  -1.5452668e+02  -3.9011182e+00   1.6195584e+01  -1.6195584e+01
   1.6600000e+01  -2.5583588e+01   1.5406752e+02  -1.5406752e+02  -4.4882061e+00   1.6050338e+01  -1.6050338e+01
   1.6700000e+01  -5.1055683e+01   1.5361242e+02  -1.5361242e+02  -6.7289609e+00   1.5907250e+01  -1.5907250e+01
   1.6800000e+01  -7.3066021e+01   1.5316133e+02  -1.5316133e+02  -8.6283223e+00   1.5766276e+01  -1.5766276e+01
   1.6900000e+01  -3.5019632e+01   1.5271420e+02  -1.5271420e+02  -5.1852340e+00   1.5627371e+01  -1.5627371e+01
   1.7000000e+01  -5.1687045e+01   1.5227095e+02  -1.5227095e+02  -6.6058731e+00   1.5490495e+01  -1.5490495e+01
   1.7100000e+01  -4.7250316e+01   1.5183155e+02  -1.5183155e+02  -6.1600700e+00   1.5355605e+01  -1.5355605e+01
   1.7200000e+01  -7.8432058e+01   1.5139592e+02  -1.5139592e+02  -8.8178040e+00   1.5222661e+01  -1.5222661e+01
   1.7300000e+01  -9.8685187e+01   1.5096402e+02  -1.5096402e+02  -1.0492463e+01   1.5091625e+01  -1.5091625e+01
   1.7400000e+01  -8.9569145e+01   1.5053580e+02  -1.5053580e+02  -9.6187063e+00   1.4962458e+01  -1.4962458e+01
   1.7500000e+01  -9.4562045e+01   1.5011121e+02  -1.5011121e+02  -9.9632189e+00   1.4835123e+01  -1.4835123e+01
   1.7600000e+01  -1.0486390e+02   1.4969018e+02  -1.4969018e+02  -1.0754012e+01   1.4709584e+01  -1.4709584e+01
   1.7700000e+01  -4.8737933e+01   1.4927268e+02  -1.4927268e+02  -5.9203692e+00   1.4585806e+01  -1.4585806e+01
   1.7800000e+01  -3.4631570e+01   1.4885865e+02  -1.4885865e+02  -4.6852796e+00   1.4463753e+01  -1.4463753e+01
   1.7900000e+01  -2.5612211e+01   1.4844805e+02  -1.4844805e+02  -3.8924646e+00   1.4343394e+01  -1.4343394e+01
   1.8000000e+01  -3.4308814e-01   1.4804082e+02  -1.4804082e+02  -1.7603097e+00   1.4224695e+01  -1.4224695e+01
   1.8100000e+01   4.8150378e+01   1.4763693e+02  -1.4763693e+02   2.2617385e+00   1.4107624e+01  -1.4107624e+01
   1.8200000e+01   2.9117035e+01   1.4723633e+02  -1.4723633e+02   6.7885230e-01   1.3992150e+01  -1.3992150e+01
   1.8300000e+01   4.1789903e+01   1.4683897e+02  -1.4683897e+02   1.7091755e+00   1.3878243e+01  -1.3878243e+01
   1.8400000e+01   1.5922699e+01   1.4644481e+02  -1.4644481e+02  -4.0762879e-01   1.3765873e+01  -1.3765873e+01
   1.8500000e+01   3.5984058e+01   1.4605381e+02  -1.4605381e+02   1.2177911e+00   1.3655011e+01  -1.3655011e+01
   1.8600000e+01   1.5115767e+01   1.4566592e+02  -1.4566592e+02  -4.7032680e-01   1.3545629e+01  -1.3545629e+01
   1.8700000e+01  -9.6681958e-02   1.4528111e+02  -1.4528111e+02  -1.6834946e+00   1.3437700e+01  -1.3437700e+01
   1.8800000e+01  -1.2014919e+01   1.4489933e+02  -1.4489933e+02  -2.6184488e+00   1.3331196e+01  -1.3331196e+01
   1.8900000e+01   9.6594680e+00   1.4452054e+02  -1.4452054e+02  -8.8216426e-01   1.3226092e+01  -1.3226092e+01
   1.9000000e+01   1.3077371e+01   1.4414471e+02  -1.4414471e+02  -6.0610648e-01   1.3122362e+01  -1.3122362e+01
   1.9100000e+01   2.2461484e+01   1.4377179e+02  -1.4377179e+02   1.3365003e-01   1.3019981e+01  -1.3019981e+01
   1.9200000e+01   4.1751848e+01   1.4340176e+02  -1.4340176e+02   1.6356749e+00   1.2918924e+01  -1.2918924e+01
   1.9300000e+01   5.0162595e+01   1.4303457e+02  -1.4303457e+02   2.2749578e+00   1.2819168e+01  -1.2819168e+01
   1.9400000e+01   8.2363047e+01   1.4267018e+02  -1.4267018e+02   4.7406103e+00   1.2720689e+01  -1.2720689e+01
   1.9500000e+01   8.4347022e+01   1.4230857e+02  -1.4230857e+02   4.8564545e+00   1.2623464e+01  -1.2623464e+01
   1.9600000e+01   8.7102041e+01   1.4194969e+02  -1.4194969e+02   5.0296802e+00   1.2527472e+01  -1.2527472e+01
   1.9700000e+01   1.0251649e+02   1.4159351e+02  -1.4159351e+02   6.1621401e+00   1.2432690e+01  -1.2432690e+01
   1.9800000e+01   8.8361334e+01   1.4124000e+02  -1.4124000e+02   5.0459722e+00   1.2339098e+01  -1.2339098e+01
   1.9900000e+01   1.0791638e+02   1.4088912e+02  -1.4088912e+02   6.4782643e+00   1.2246673e+01  -1.2246673e+01
   2.0000000e+01   1.1132192e+02   1.4054085e+02  -1.4054085e+02   6.6845668e+00   1.2155397e+01  -1.2155397e+01
   2.0100000e+01   9.9472247e+01   1.4019514e+02  -1.4019514e+02   5.7527425e+00   1.2065249e+01  -1.2065249e+01
   2.0200000e+01   9.3920378e+01   1.3985198e+02  -1.3985198e+02   5.2989027e+00   1.1976210e+01  -1.1976210e+01
   2.0300000e+01   1.3927307e+02   1.3951132e+02  -1.3951132e+02   8.6026309e+00   1.1888261e+01  -1.1888261e+01
   2.0400000e+01   1.5238018e+02   1.3917314e+02  -1.3917314e+02   9.5008877e+00   1.1801382e+01  -1.1801382e+01
   2.0500000e+01   1.5820267e+02   1.3883740e+02  -1.3883740e+02   9.8565205e+00   1.1715557e+01  -1.1715557e+01
   2.0600000e+01   1.6674910e+02   1.3850409e+02  -1.3850409e+02   1.0405702e+01   1.1630767e+01  -1.1630767e+01
   2.0700000e+01   1.9041685e+02   1.3817316e+02  -1.3817316e+02   1.2041322e+01   1.1546995e+01  -1.1546995e+01
   2.0800000e+01   1.8879922e+02   1.3784460e+02  -1.3784460e+02   1.1838328e+01   1.1464224e+01  -1.1464224e+01
   2.0900000e+01   1.8956034e+02   1.3751837e+02  -1.3751837e+02   1.1808064e+01   1.1382437e+01  -1.1382437e+01
   2.1000000e+01   1.6306605e+02   1.3719444e+02  -1.3719444e+02   9.8360614e+00   1.1301618e+01  -1.1301618e+01
   2.1100000e+01   1.5887400e+02   1.3687279e+02  -1.3687279e+02   9.4690106e+00   1.1221751e+01  -1.1221751e+01
   2.1200000e+01   1.4368576e+02   1.3655339e+02  -1.3655339e+02   8.3301135e+00   1.1142820e+01  -1.1142820e+01
   2.1300000e+01   1.4425666e+02   1.3623622e+02  -1.3623622e+02   8.3116994e+00   1.1064810e+01  -1.1064810e+01
   2.1400000e+01   1.7613209e+02   1.3592125e+02  -1.3592125e+02   1.0482525e+01   1.0987706e+01  -1.0987706e+01
   2.1500000e+01   2.0101515e+02   1.3560845e+02  -1.3560845e+02   1.2141482e+01   1.0911493e+01  -1.0911493e+01
   2.1600000e+01   2.1228222e+02   1.3529780e+02  -1.3529780e+02   1.2837957e+01   1.0836158e+01  -1.0836158e+01
   2.1700000e+01   2.1757786e+02   1.3498928e+02  -1.3498928e+02   1.3114623e+01   1.0761685e+01  -1.0761685e+01
   2.1800000e+01   2.0446408e+02   1.3468286e+02  -1.3468286e+02   1.2124378e+01   1.0688061e+01  -1.0688061e+01
   2.1900000e+01   2.1703076e+02   1.3437851e+02  -1.3437851e+02   1.2900258e+01   1.0615273e+01  -1.0615273e+01
   2.2000000e+01   2.2569966e+02   1.3407622e+02  -1.3407622e+02   1.3402199e+01   1.0543308e+01  -1.0543308e+01
   2.2100000e+01   2.1839804e+02   1.3377596e+02  -1.3377596e+02   1.2817000e+01   1.0472152e+01  -1.0472152e+01
   2.2200000e+01   2.2577951e+02   1.3347771e+02  -1.3347771e+02   1.3228201e+01   1.0401793e+01  -1.0401793e+01
   2.2300000e+01   2.4486299e+02   1.3318144e+02  -1.3318144e+02   1.4420139e+01   1.0332218e+01  -1.0332218e+01
   2.2400000e+01   2.5173931e+02   1.3288714e+02  -1.3288714e+02   1.4783216e+01   1.0263415e+01  -1.0263415e+01
   2.2500000e+01   2.6072590e+02   1.3259478e+02  -1.3259478e+02   1.5282635e+01   1.0195373e+01  -1.0195373e+01
   2.2600000e+01   2.4556510e+02   1.3230434e+02  -1.3230434e+02   1.4177449e+01   1.0128079e+01  -1.0128079e+01
   2.2700000e+01   2.3881041e+02   1.3201581e+02  -1.3201581e+02   1.3638631e+01   1.0061522e+01  -1.0061522e+01
   2.2800000e+01   2.2653333e+02   1.3172915e+02  -1.3172915e+02   1.2743203e+01   9.9956911e+00  -9.9956911e+00
   2.2900000e+01   2.3181501e+02   1.3144435e+02  -1.3144435e+02   1.3005110e+01   9.9305747e+00  -9.9305747e+00
   2.3000000e+01   1.9269070e+02   1.3116139e+02  -1.3116139e+02   1.0374543e+01   9.8661624e+00  -9.8661624e+00
   2.3100000e+01   1.8854079e+02   1.3088025e+02  -1.3088025e+02   1.0038444e+01   9.8024433e+00  -9.8024433e+00
   2.3200000e+01   2.0200075e+02   1.3060091e+02  -1.3060091e+02   1.0842029e+01   9.7394072e+00  -9.7394072e+00
   2.3300000e+01   2.2211608e+02   1.3032335e+02  -1.3032335e+02   1.2064532e+01   9.6770438e+00  -9.6770438e+00
   2.3400000e+01   2.1787721e+02   1.3004755e+02  -1.3004755e+02   1.1716233e+01   9.6153431e+00  -9.6153431e+00
   2.3500000e+01   2.2220809e+02   1.2977350e+02  -1.2977350e+02   1.1917450e+01   9.5542953e+00  -9.5542953e+00
   2.3600000e+01   2.4232527e+02   1.2950117e+02  -1.2950117e+02   1.3117744e+01   9.4938908e+00  -9.4938908e+00
   2.3700000e+01   2.4741434e+02   1.2923055e+02  -1.2923055e+02   1.3356300e+01   9.4341201e+00  -9.4341201e+00
   2.3800000e+01   2.7168859e+02   1.2896161e+02  -1.2896161e+02   1.4798919e+01   9.3749740e+00  -9.3749740e+00
   2.3900000e+01   2.5734185e+02   1.2869435e+02  -1.2869435e+02   1.3807731e+01   9.3164433e+00  -9.3164433e+00
   2.4000000e+01   2.2239585e+02   1.2842875e+02  -1.2842875e+02   1.1542123e+01   9.2585191e+00  -9.2585191e+00
   2.4100000e+01   2.0771867e+02   1.2816478e+02  -1.2816478e+02   1.0558848e+01   9.2011927e+00  -9.2011927e+00
   2.4200000e+01   2.1064607e+02   1.2790244e+02  -1.2790244e+02   1.0674608e+01   9.1444554e+00  -9.1444554e+00
   2.4300000e+01   1.8611231e+02   1.2764169e+02  -1.2764169e+02   9.0975957e+00   9.0882988e+00  -9.0882988e+00
   2.4400000e+01   1.7926505e+02   1.2738254e+02  -1.2738254e+02   8.6217241e+00   9.0327147e+00  -9.0327147e+00
   2.4500000e+01   2.1307686e+02   1.2712496e+02  -1.2712496e+02   1.0634858e+01   8.9776948e+00  -8.9776948e+00
   2.4600000e+01   2.1302148e+02   1.2686893e+02  -1.2686893e+02   1.0566775e+01   8.9232313e+00  -8.9232313e+00
   2.4700000e+01   2.0938457e+02   1.2661445e+02  -1.2661445e+02   1.0282327e+01   8.8693162e+00  -8.8693162e+00
   2.4800000e+01   1.9807603e+02   1.2636149e+02  -1.2636149e+02   9.5376828e+00   8.8159419e+00  -8.8159419e+00
   2.4900000e+01   1.9847708e+02   1.2611004e+02  -1.2611004e+02   9.5044545e+00   8.7631007e+00  -8.7631007e+00
   2.5000000e+01   1.7767609e+02   1.2586008e+02  -1.2586008e+02   8.2020258e+00   8.7107854e+00  -8.7107854e+00
   2.5100000e+01   1.9663971e+02   1.2561161e+02  -1.2561161e+02   9.2840951e+00   8.6589885e+00  -8.6589885e+00
   2.5200000e+01   1.5581339e+02   1.2536460e+02  -1.2536460e+02   6.8037150e+00   8.6077029e+00  -8.6077029e+00
   2.5300000e+01   1.3287542e+02   1.2511904e+02  -1.2511904e+02   5.4062358e+00   8.5569216e+00  -8.5569216e+00
   2.5400000e+01   1.3518371e+02   1.2487492e+02  -1.2487492e+02   5.5104162e+00   8.5066376e+00  -8.5066376e+00
   2.5500000e+01   1.2915254e+02   1.2463223e+02  -1.2463223e+02   5.1240002e+00   8.4568442e+00  -8.4568442e+00
   2.5600000e+01   1.4116160e+02   1.2439094e+02  -1.2439094e+02   5.7962931e+00   8.4075347e+00  -8.4075347e+00
   2.5700000e+01   1.5390269e+02   1.2415105e+02  -1.2415105e+02   6.5047000e+00   8.3587025e+00  -8.3587025e+00
   2.5800000e+01   1.5101079e+02   1.2391254e+02  -1.2391254e+02   6.2991545e+00   8.3103412e+00  -8.3103412e+00
   2.5900000e+01   1.3424493e+02   1.2367540e+02  -1.2367540e+02   5.2936576e+00   8.2624444e+00  -8.2624444e+00
   2.6000000e+01   1.1861333e+02   1.2343962e+02  -1.2343962e+02   4.3631199e+00   8.2150060e+00  -8.2150060e+00
   2.6100000e+01   8.4887394e+01   1.2320518e+02  -1.2320518e+02   2.4036016e+00   8.1680198e+00  -8.1680198e+00
   2.6200000e+01   8.8767730e+01   1.2297207e+02  -1.2297207e+02   2.6115922e+00   8.1214798e+00  -8.1214798e+00
   2.6300000e+01   9.1047390e+01   1.2274028e+02  -1.2274028e+02   2.7264930e+00   8.0753801e+00  -8.0753801e+00
   2.6400000e+01   1.3098762e+02   1.2250980e+02  -1.2250980e+02   4.9759866e+00   8.0297149e+00  -8.0297149e+00
   2.6500000e+01   1.3413277e+02   1.2228061e+02  -1.2228061e+02   5.1255597e+00   7.9844784e+00  -7.9844784e+00
   2.6600000e+01   1.3046297e+02   1.2205270e+02  -1.2205270e+02   4.8901644e+00   7.9396651e+00  -7.9396651e+00
   2.6700000e+01   1.2844844e+02   1.2182606e+02  -1.2182606e+02   4.7497838e+00   7.8952694e+00  -7.8952694e+00
   2.6800000e+01   1.3659364e+02   1.2160068e+02  -1.2160068e+02   5.1782714e+00   7.8512859e+00  -7.8512859e+00
   2.6900000e+01   1.5405792e+02   1.2137654e+02  -1.2137654e+02   6.1214528e+00   7.8077093e+00  -7.8077093e+00
   2.7000000e+01   1.5843276e+02   1.2115364e+02  -1.2115364e+02   6.3300971e+00   7.7645344e+00  -7.7645344e+00
   2.7100000e+01   1.2455754e+02   1.2093196e+02  -1.2093196e+02   4.4236360e+00   7.7217558e+00  -7.7217558e+00
   2.7200000e+01   1.3671589e+02   1.2071150e+02  -1.2071150e+02   5.0685288e+00   7.6793687e+00  -7.6793687e+00
   2.7300000e+01   1.3519181e+02   1.2049223e+02  -1.2049223e+02   4.9571471e+00   7.6373679e+00  -7.6373679e+00
   2.7400000e+01   1.5047070e+02   1.2027416e+02  -1.2027416e+02   5.7649410e+00   7.5957486e+00  -7.5957486e+00
   2.7500000e+01   1.3208478e+02   1.2005727e+02  -1.2005727e+02   4.7325424e+00   7.5545059e+00  -7.5545059e+00
   2.7600000e+01   1.1935944e+02   1.1984154e+02  -1.1984154e+02   4.0165510e+00   7.5136351e+00  -7.5136351e+00
   2.7700000e+01   1.1575265e+02   1.1962698e+02  -1.1962698e+02   3.7998863e+00   7.4731315e+00  -7.4731315e+00
   2.7800000e+01   1.1515452e+02   1.1941356e+02  -1.1941356e+02   3.7472065e+00   7.4329906e+00  -7.4329906e+00
   2.7900000e+01   9.2874440e+01   1.1920128e+02  -1.1920128e+02   2.5314293e+00   7.3932076e+00  -7.3932076e+00
   2.8000000e+01   8.3628567e+01   1.1899013e+02  -1.1899013e+02   2.0234787e+00   7.3537783e+00  -7.3537783e+00
   2.8100000e+01   8.2697997e+01   1.1878010e+02  -1.1878010e+02   1.9631123e+00   7.3146983e+00  -7.3146983e+00
   2.8200000e+01   7.9807497e+01   1.1857117e+02  -1.1857117e+02   1.7992166e+00   7.2759631e+00  -7.2759631e+00
   2.8300000e+01   5.7305824e+01   1.1836335e+02  -1.1836335e+02   5.9917488e-01   7.2375686e+00  -7.2375686e+00
   2.8400000e+01   4.9656428e+01   1.1815661e+02  -1.1815661e+02   1.9272286e-01   7.1995107e+00  -7.1995107e+00
   2.8500000e+01   4.5244102e+01   1.1795095e+02  -1.1795095e+02  -4.0102485e-02   7.1617850e+00  -7.1617850e+00
   2.8600000e+01   3.6730064e+01   1.1774636e+02  -1.1774636e+02  -4.8563800e-01   7.1243877e+00  -7.1243877e+00
   2.8700000e+01   3.7536861e+01   1.1754284e+02  -1.1754284e+02  -4.4101205e-01   7.0873148e+00  -7.0873148e+00
   2.8800000e+01   5.0569368e+01   1.1734036e+02  -1.1734036e+02   2.3885721e-01   7.0505623e+00  -7.0505623e+00
   2.8900000e+01   4.4854894e+01   1.1713893e+02  -1.1713893e+02  -5.8456800e-02   7.0141263e+00  -7.0141263e+00
   2.9000000e+01   6.6420087e+01   1.1693853e+02  -1.1693853e+02   1.0553276e+00   6.9780030e+00  -6.9780030e+00
   2.9100000e+01   7.5078873e+01   1.1673916e+02  -1.1673916e+02   1.4954455e+00   6.9421888e+00  -6.9421888e+00
   2.9200000e+01   5.9837965e+01   1.1654080e+02  -1.1654080e+02   7.0621867e-01   6.9066799e+00  -6.9066799e+00
   2.9300000e+01   6.8499348e+01   1.1634345e+02  -1.1634345e+02   1.1452544e+00   6.8714726e+00  -6.8714726e+00
   2.9400000e+01   6.4044402e+01   1.1614710e+02  -1.1614710e+02   9.1252189e-01   6.8365635e+00  -6.8365635e+00
   2.9500000e+01   6.6167618e+01   1.1595174e+02  -1.1595174e+02   1.0156638e+00   6.8019490e+00  -6.8019490e+00
   2.9600000e+01   6.1663337e+01   1.1575737e+02  -1.1575737e+02   7.8266084e-01   6.7676255e+00  -6.7676255e+00
   2.9700000e+01   5.5259854e+01   1.1556396e+02  -1.1556396e+02   4.5586105e-01   6.7335898e+00  -6.7335898e+00
   2.9800000e+01   6.1236878e+01   1.1537153e+02  -1.1537153e+02   7.5391318e-01   6.6998384e+00  -6.6998384e+00
   2.9900000e+01   8.8684329e+01   1.1518005e+02  -1.1518005e+02   2.1247549e+00   6.6663680e+00  -6.6663680e+00
   3.0000000e+01   7.4219075e+01   1.1498952e+02  -1.1498952e+02   1.3921141e+00   6.6331754e+00  -6.6331754e+00
