   0.0000000e+00   4.0000000e+05   3.9696802e+05  -6.0000000e+03   3.6087695e+05
   1.0000000e-01   3.9939984e+05   4.0254321e+05  -6.0032200e+03   8.7868550e+04
   2.0000000e-01   3.9879936e+05   4.0170450e+05  -6.0064400e+03   3.1670766e+04
   3.0000000e-01   3.9819855e+05   3.9993485e+05  -6.0096600e+03   1.0758110e+04
   4.0000000e-01   3.9759742e+05   3.9997498e+05  -6.0128800e+03   7.3259279e+03
   5.0000000e-01   3.9699597e+05   3.9898139e+05  -6.0161000e+03   2.6357422e+03
   6.0000000e-01   3.9639420e+05   3.9799205e+05  -6.0193200e+03  -2.4939679e+02
   7.0000000e-01   3.9579211e+05   3.9656909e+05  -6.0225400e+03  -3.0415815e+03
   8.0000000e-01   3.9518970e+05   3.9578685e+05  -6.0257600e+03  -3.8865527e+03
   9.0000000e-01   3.9458696e+05   3.9462002e+05  -6.0289800e+03  -5.1162126e+03
   1.0000000e+00   3.9398390e+05   3.9397707e+05  -6.0322000e+03  -5.3065477e+03
   1.1000000e+00   3.9338052e+05   3.9306498e+05  -6.0354200e+03  -5.8064740e+03
   1.2000000e+00   3.9277682e+05   3.9254692e+05  -6.0386400e+03  -5.7344823e+03
   1.3000000e+00   3.9217279e+05   3.9206364e+05  -6.0418600e+03  -5.6374289e+03
   1.4000000e+00   3.9156844e+05   3.9139934e+05  -6.0450800e+03  -5.7444143e+03
   1.5000000e+00   3.9096378e+05   3.9122828e+05  -6.0483000e+03  -5.3574338e+03
   1.6000000e+00   3.9035878e+05   3.9091549e+05  -6.0515200e+03  -5.1579698e+03
   1.7000000e+00   3.8975347e+05   3.9055657e+05  -6.0547400e+03  -5.0266757e+03
   1.8000000e+00   3.8914784e+05   3.8999241e+05  -6.0579600e+03  -5.0795944e+03
   1.9000000e+00   3.8854188e+05   3.8945415e+05  -6.0611800e+03  -5.1059867e+03
   2.0000000e+00   3.8793560e+05   3.8864804e+05  -6.0644000e+03  -5.3251906e+03
   2.1000000e+00   3.8732900e+05   3.8800418e+05  -6.0676200e+03  -5.4059393e+03
   2.2000000e+00   3.8672208e+05   3.8715971e+05  -6.0708400e+03  -5.6115305e+03
   2.3000000e+00   3.8611483e+05   3.8656023e+05  -6.0740600e+03  -5.6390983e+03
   2.4000000e+00   3.8550726e+05   3.8609461e+05  -6.0772800e+03  -5.5820744e+03
   2.5000000e+00   3.8489938e+05   3.8528386e+05  -6.0805000e+03  -5.7336850e+03
   2.6000000e+00   3.8429116e+05   3.8462231e+05  -6.0837200e+03  -5.7867076e+03
   2.7000000e+00   3.8368263e+05   3.8379609e+05  -6.0869400e+03  -5.9248117e+03
   2.8000000e+00   3.8307378e+05   3.8326588e+05  -6.0901600e+03  -5.8951881e+03
   2.9000000e+00   3.8246460e+05   3.8280547e+05  -6.0933800e+03  -5.8327010e+03
   3.0000000e+00   3.8185510e+05   3.8231750e+05  -6.0966000e+03  -5.7889886e+03
   3.1000000e+00   3.8124528e+05   3.8155728e+05  -6.0998200e+03  -5.8784452e+03
   3.2000000e+00   3.8063514e+05   3.8084845e+05  -6.1030400e+03  -5.9374123e+03
   3.3000000e+00   3.8002467e+05   3.8021717e+05  -6.1062600e+03  -5.9573627e+03
   3.4000000e+00   3.7941388e+05   3.7955531e+05  -6.1094800e+03  -5.9892557e+03
   3.5000000e+00   3.7880278e+05   3.7888364e+05  -6.1127000e+03  -6.0231325e+03
   3.6000000e+00   3.7819134e+05   3.7800977e+05  -6.1159200e+03  -6.1378521e+03
   3.7000000e+00   3.7757959e+05   3.7747884e+05  -6.1191400e+03  -6.1078750e+03
   3.8000000e+00   3.7696752e+05   3.7685459e+05  -6.1223600e+03  -6.1162768e+03
   3.9000000e+00   3.7635512e+05   3.7632040e+05  -6.1255800e+03  -6.0900368e+03
   4.0000000e+00   3.7574240e+05   3.7573905e+05  -6.1288000e+03  -6.0829594e+03
   4.1000000e+00   3.7512936e+05   3.7485677e+05  -6.1320200e+03  -6.1851243e+03
   4.2000000e+00   3.7451600e+05   3.7423600e+05  -6.1352400e+03  -6.1890865e+03
   4.3000000e+00   3.7390231e+05   3.7371106e+05  -6.1384600e+03  -6.1598536e+03
   4.4000000e+00   3.7328830e+05   3.7320139e+05  -6.1416800e+03  -6.1271906e+03
   4.5000000e+00   3.7267397e+05   3.7256901e+05  -6.1449000e+03  -6.1368394e+03
   4.6000000e+00   3.7205932e+05   3.7200665e+05  -6.1481200e+03  -6.1234532e+03
   4.7000000e+00   3.7144435e+05   3.7141742e+05  -6.1513400e+03  -6.1193249e+03
   4.8000000e+00   3.7082906e+05   3.7088019e+05  -6.1545600e+03  -6.0993974e+03
   4.9000000e+00   3.7021344e+05   3.7041813e+05  -6.1577800e+03  -6.0577670e+03
   5.0000000e+00   3.6959750e+05   3.6972643e+05  -6.1610000e+03  -6.0864543e+03
   5.1000000e+00   3.6898124e+05   3.6926436e+05  -6.1642200e+03  -6.0469439e+03
   5.2000000e+00   3.6836466e+05   3.6865361e+05  -6.1674400e+03  -6.0518485e+03
   5.3000000e+00   3.6774775e+05   3.6796905e+05  -6.1706600e+03  -6.0772729e+03
   5.4000000e+00   3.6713052e+05   3.6728750e+05  -6.1738800e+03  -6.1007639e+03
   5.5000000e+00   3.6651297e+05   3.6667403e+05  -6.1771000e+03  -6.1048580e+03
   5.6000000e+00   3.6589510e+05   3.6606131e+05  -6.1803200e+03  -6.1086269e+03
   5.7000000e+00   3.6527691e+05   3.6546625e+05  -6.1835400e+03  -6.1076835e+03
   5.8000000e+00   3.6465840e+05   3.6489696e+05  -6.1867600e+03  -6.1002280e+03
   5.9000000e+00   3.6403956e+05   3.6429422e+05  -6.1899800e+03  -6.1015737e+03
   6.0000000e+00   3.6342040e+05   3.6360150e+05  -6.1932000e+03  -6.1252204e+03
   6.1000000e+00   3.6280092e+05   3.6293352e+05  -6.1964200e+03  -6.1419236e+03
   6.2000000e+00   3.6218112e+05   3.6226356e+05  -6.1996400e+03  -6.1584865e+03
   6.3000000e+00   3.6156099e+05   3.6160622e+05  -6.2028600e+03  -6.1714680e+03
   6.4000000e+00   3.6094054e+05   3.6100736e+05  -6.2060800e+03  -6.1703987e+03
   6.5000000e+00   3.6031978e+05   3.6040618e+05  -6.2093000e+03  -6.1699519e+03
   6.6000000e+00   3.5969868e+05   3.5977046e+05  -6.2125200e+03  -6.1773569e+03
   6.7000000e+00   3.5907727e+05   3.5909077e+05  -6.2157400e+03  -6.1943084e+03
   6.8000000e+00   3.5845554e+05   3.5845181e+05  -6.2189600e+03  -6.2017692e+03
   6.9000000e+00   3.5783348e+05   3.5786497e+05  -6.2221800e+03  -6.1977592e+03
   7.0000000e+00   3.5721110e+05   3.5723601e+05  -6.2254000e+03  -6.2028981e+03
   7.1000000e+00   3.5658840e+05   3.5669245e+05  -6.2286200e+03  -6.1899906e+03
   7.2000000e+00   3.5596538e+05   3.5602357e+05  -6.2318400e+03  -6.2034962e+03
   7.3000000e+00   3.5534203e+05   3.5541541e+05  -6.2350600e+03  -6.2041963e+03
   7.4000000e+00   3.5471836e+05   3.5485101e+05  -6.2382800e+03  -6.1961046e+03
   7.5000000e+00   3.5409438e+05   3.5417979e+05  -6.2415000e+03  -6.2095453e+03
   7.6000000e+00   3.5347006e+05   3.5355130e+05  -6.2447200e+03  -6.2142106e+03
   7.7000000e+00   3.5284543e+05   3.5286438e+05  -6.2479400e+03  -6.2300761e+03
   7.8000000e+00   3.5222048e+05   3.5219393e+05  -6.2511600e+03  -6.2423302e+03
   7.9000000e+00   3.5159520e+05   3.5149978e+05  -6.2543800e+03  -6.2587099e+03
   8.0000000e+00   3.5096960e+05   3.5083308e+05  -6.2576000e+03  -6.2695060e+03
   8.1000000e+00   3.5034368e+05   3.5023017e+05  -6.2608200e+03  -6.2682722e+03
   8.2000000e+00   3.4971744e+05   3.4959722e+05  -6.2640400e+03  -6.2725754e+03
   8.3000000e+00   3.4909087e+05   3.4900274e+05  -6.2672600e+03  -6.2698800e+03
   8.4000000e+00   3.4846398e+05   3.4842719e+05  -6.2704800e+03  -6.2639411e+03
   8.5000000e+00   3.4783678e+05   3.4781886e+05  -6.2737000e+03  -6.2639646e+03
   8.6000000e+00   3.4720924e+05   3.4722811e+05  -6.2769200e+03  -6.2609758e+03
   8.7000000e+00   3.4658139e+05   3.4663467e+05  -6.2801400e+03  -6.2585701e+03
   8.8000000e+00   3.4595322e+05   3.4611037e+05  -6.2833600e+03  -6.2445515e+03
   8.9000000e+00   3.4532472e+05   3.4551181e+05  -6.2865800e+03  -6.2434050e+03
   9.0000000e+00   3.4469590e+05   3.4481453e+05  -6.2898000e+03  -6.2586868e+03
   9.1000000e+00   3.4406676e+05   3.4419594e+05  -6.2930200e+03  -6.2606867e+03
   9.2000000e+00   3.4343730e+05   3.4359236e+05  -6.2962400e+03  -6.2602357e+03
   9.3000000e+00   3.4280751e+05   3.4299900e+05  -6.2994600e+03  -6.2581892e+03
   9.4000000e+00   3.4217740e+05   3.4239878e+05  -6.3026800e+03  -6.2573211e+03
   9.5000000e+00   3.4154697e+05   3.4174344e+05  -6.3059000e+03  -6.2651653e+03
   9.6000000e+00   3.4091622e+05   3.4110975e+05  -6.3091200e+03  -6.2694760e+03
   9.7000000e+00   3.4028515e+05   3.4048858e+05  -6.3123400e+03  -6.2717827e+03
   9.8000000e+00   3.3965376e+05   3.3986157e+05  -6.3155600e+03  -6.2749527e+03
   9.9000000e+00   3.3902204e+05   3.3930551e+05  -6.3187800e+03  -6.2673801e+03
   1.0000000e+01   3.3839000e+05   3.3860474e+05  -6.3220000e+03  -6.2816237e+03
   1.0100000e+01   3.3775764e+05   3.3800103e+05  -6.3252200e+03  -6.2812070e+03
   1.0200000e+01   3.3712496e+05   3.3740867e+05  -6.3284400e+03  -6.2791706e+03
   1.0300000e+01   3.3649195e+05   3.3674726e+05  -6.3316600e+03  -6.2872207e+03
   1.0400000e+01   3.3585862e+05   3.3612724e+05  -6.3348800e+03  -6.2891692e+03
   1.0500000e+01   3.3522497e+05   3.3548468e+05  -6.3381000e+03  -6.2943048e+03
   1.0600000e+01   3.3459100e+05   3.3480727e+05  -6.3413200e+03  -6.3042604e+03
   1.0700000e+01   3.3395671e+05   3.3417232e+05  -6.3445400e+03  -6.3080883e+03
   1.0800000e+01   3.3332210e+05   3.3359379e+05  -6.3477600e+03  -6.3040592e+03
   1.0900000e+01   3.3268716e+05   3.3293901e+05  -6.3509800e+03  -6.3105966e+03
   1.1000000e+01   3.3205190e+05   3.3232100e+05  -6.3542000e+03  -6.3120234e+03
   1.1100000e+01   3.3141632e+05   3.3164049e+05  -6.3574200e+03  -6.3218540e+03
   1.1200000e+01   3.3078042e+05   3.3096800e+05  -6.3606400e+03  -6.3304265e+03
   1.1300000e+01   3.3014419e+05   3.3028529e+05  -6.3638600e+03  -6.3401883e+03
   1.1400000e+01   3.2950764e+05   3.2959693e+05  -6.3670800e+03  -6.3505052e+03
   1.1500000e+01   3.2887078e+05   3.2892654e+05  -6.3703000e+03  -6.3582932e+03
   1.1600000e+01   3.2823358e+05   3.2825827e+05  -6.3735200e+03  -6.3656698e+03
   1.1700000e+01   3.2759607e+05   3.2760589e+05  -6.3767400e+03  -6.3708872e+03
   1.1800000e+01   3.2695824e+05   3.2691375e+05  -6.3799600e+03  -6.3810554e+03
   1.1900000e+01   3.2632008e+05   3.2626026e+05  -6.3831800e+03  -6.3861852e+03
   1.2000000e+01   3.2568160e+05   3.2559815e+05  -6.3864000e+03  -6.3923100e+03
   1.2100000e+01   3.2504280e+05   3.2493577e+05  -6.3896200e+03  -6.3983671e+03
   1.2200000e+01   3.2440368e+05   3.2428906e+05  -6.3928400e+03  -6.4024089e+03
   1.2300000e+01   3.2376423e+05   3.2368969e+05  -6.3960600e+03  -6.4006465e+03
   1.2400000e+01   3.2312446e+05   3.2305168e+05  -6.3992800e+03  -6.4035991e+03
   1.2500000e+01   3.2248438e+05   3.2242666e+05  -6.4025000e+03  -6.4049662e+03
   1.2600000e+01   3.2184396e+05   3.2183716e+05  -6.4057200e+03  -6.4021213e+03
   1.2700000e+01   3.2120323e+05   3.2121813e+05  -6.4089400e+03  -6.4028306e+03
   1.2800000e+01   3.2056218e+05   3.2058117e+05  -6.4121600e+03  -6.4056432e+03
   1.2900000e+01   3.1992080e+05   3.1997288e+05  -6.4153800e+03  -6.4051068e+03
   1.3000000e+01   3.1927910e+05   3.1939791e+05  -6.4186000e+03  -6.4007750e+03
   1.3100000e+01   3.1863708e+05   3.1873857e+05  -6.4218200e+03  -6.4061736e+03
   1.3200000e+01   3.1799474e+05   3.1811996e+05  -6.4250400e+03  -6.4068848e+03
   1.3300000e+01   3.1735207e+05   3.1745133e+05  -6.4282600e+03  -6.4132255e+03
   1.3400000e+01   3.1670908e+05   3.1677032e+05  -6.4314800e+03  -6.4208541e+03
   1.3500000e+01   3.1606578e+05   3.1610655e+05  -6.4347000e+03  -6.4264558e+03
   1.3600000e+01   3.1542214e+05   3.1546042e+05  -6.4379200e+03  -6.4300417e+03
   1.3700000e+01   3.1477819e+05   3.1475989e+05  -6.4411400e+03  -6.4395192e+03
   1.3800000e+01   3.1413392e+05   3.1407078e+05  -6.4443600e+03  -6.4476114e+03
   1.3900000e+01   3.1348932e+05   3.1342604e+05  -6.4475800e+03  -6.4508120e+03
   1.4000000e+01   3.1284440e+05   3.1279944e+05  -6.4508000e+03  -6.4520419e+03
   1.4100000e+01   3.1219916e+05   3.1217723e+05  -6.4540200e+03  -6.4528082e+03
   1.4200000e+01   3.1155360e+05   3.1154449e+05  -6.4572400e+03  -6.4546906e+03
   1.4300000e+01   3.1090771e+05   3.1089416e+05  -6.4604600e+03  -6.4584017e+03
   1.4400000e+01   3.1026150e+05   3.1026300e+05  -6.4636800e+03  -6.4600820e+03
   1.4500000e+01   3.0961497e+05   3.0968437e+05  -6.4669000e+03  -6.4563390e+03
   1.4600000e+01   3.0896812e+05   3.0908992e+05  -6.4701200e+03  -6.4543023e+03
   1.4700000e+01   3.0832095e+05   3.0843944e+05  -6.4733400e+03  -6.4580195e+03
   1.4800000e+01   3.0767346e+05   3.0782788e+05  -6.4765600e+03  -6.4577650e+03
   1.4900000e+01   3.0702564e+05   3.0716143e+05  -6.4797800e+03  -6.4630427e+03
   1.5000000e+01   3.0637750e+05   3.0652056e+05  -6.4830000e+03  -6.4657051e+03
   1.5100000e+01   3.0572904e+05   3.0587382e+05  -6.4862200e+03  -6.4689260e+03
   1.5200000e+01   3.0508026e+05   3.0524273e+05  -6.4894400e+03  -6.4705756e+03
   1.5300000e+01   3.0443115e+05   3.0456004e+05  -6.4926600e+03  -6.4772622e+03
   1.5400000e+01   3.0378172e+05   3.0392477e+05  -6.4958800e+03  -6.4792570e+03
   1.5500000e+01   3.0313197e+05   3.0327729e+05  -6.4991000e+03  -6.4824184e+03
   1.5600000e+01   3.0248190e+05   3.0263348e+05  -6.5023200e+03  -6.4851988e+03
   1.5700000e+01   3.0183151e+05   3.0195516e+05  -6.5055400e+03  -6.4912412e+03
   1.5800000e+01   3.0118080e+05   3.0129295e+05  -6.5087600e+03  -6.4956842e+03
   1.5900000e+01   3.0052976e+05   3.0060217e+05  -6.5119800e+03  -6.5027646e+03
   1.6000000e+01   2.9987840e+05   2.9993186e+05  -6.5152000e+03  -6.5078413e+03
   1.6100000e+01   2.9922672e+05   2.9925586e+05  -6.5184200e+03  -6.5133880e+03
   1.6200000e+01   2.9857472e+05   2.9859514e+05  -6.5216400e+03  -6.5174591e+03
   1.6300000e+01   2.9792239e+05   2.9794682e+05  -6.5248600e+03  -6.5203501e+03
   1.6400000e+01   2.9726974e+05   2.9731440e+05  -6.5280800e+03  -6.5217673e+03
   1.6500000e+01   2.9661678e+05   2.9663545e+05  -6.5313000e+03  -6.5273989e+03
   1.6600000e+01   2.9596348e+05   2.9598907e+05  -6.5345200e+03  -6.5300318e+03
   1.6700000e+01   2.9530987e+05   2.9536093e+05  -6.5377400e+03  -6.5310110e+03
   1.6800000e+01   2.9465594e+05   2.9472900e+05  -6.5409600e+03  -6.5323317e+03
   1.6900000e+01   2.9400168e+05   2.9403670e+05  -6.5441800e+03  -6.5389948e+03
   1.7000000e+01   2.9334710e+05   2.9339879e+05  -6.5474000e+03  -6.5407941e+03
   1.7100000e+01   2.9269220e+05   2.9273945e+05  -6.5506200e+03  -6.5444599e+03
   1.7200000e+01   2.9203698e+05   2.9211541e+05  -6.5538400e+03  -6.5450222e+03
   1.7300000e+01   2.9138143e+05   2.9148012e+05  -6.5570600e+03  -6.5465675e+03
   1.7400000e+01   2.9072556e+05   2.9081513e+05  -6.5602800e+03  -6.5506613e+03
   1.7500000e+01   2.9006938e+05   2.9016394e+05  -6.5635000e+03  -6.5535368e+03
   1.7600000e+01   2.8941286e+05   2.8951773e+05  -6.5667200e+03  -6.5559660e+03
   1.7700000e+01   2.8875603e+05   2.8880477e+05  -6.5699400e+03  -6.5640196e+03
   1.7800000e+01   2.8809888e+05   2.8813351e+05  -6.5731600e+03  -6.5684747e+03
   1.7900000e+01   2.8744140e+05   2.8746701e+05  -6.5763800e+03  -6.5724875e+03
   1.8000000e+01   2.8678360e+05   2.8678394e+05  -6.5796000e+03  -6.5778397e+03
   1.8100000e+01   2.8612548e+05   2.8607733e+05  -6.5828200e+03  -6.5850817e+03
   1.8200000e+01   2.8546704e+05   2.8543792e+05  -6.5860400e+03  -6.5867189e+03
   1.8300000e+01   2.8480827e+05   2.8476648e+05  -6.5892600e+03  -6.5909692e+03
   1.8400000e+01   2.8414918e+05   2.8413326e+05  -6.5924800e+03  -6.5920724e+03
   1.8500000e+01   2.8348978e+05   2.8345379e+05  -6.5957000e+03  -6.5969178e+03
   1.8600000e+01   2.8283004e+05   2.8281493e+05  -6.5989200e+03  -6.5984497e+03
   1.8700000e+01   2.8216999e+05   2.8217009e+05  -6.6021400e+03  -6.6004565e+03
   1.8800000e+01   2.8150962e+05   2.8152163e+05  -6.6053600e+03  -6.6027416e+03
   1.8900000e+01   2.8084892e+05   2.8083926e+05  -6.6085800e+03  -6.6076978e+03
   1.9000000e+01   2.8018790e+05   2.8017482e+05  -6.6118000e+03  -6.6111939e+03
   1.9100000e+01   2.7952656e+05   2.7950410e+05  -6.6150200e+03  -6.6151537e+03
   1.9200000e+01   2.7886490e+05   2.7882314e+05  -6.6182400e+03  -6.6198757e+03
   1.9300000e+01   2.7820291e+05   2.7815275e+05  -6.6214600e+03  -6.6237350e+03
   1.9400000e+01   2.7754060e+05   2.7745824e+05  -6.6246800e+03  -6.6294206e+03
   1.9500000e+01   2.7687797e+05   2.7679363e+05  -6.6279000e+03  -6.6327565e+03
   1.9600000e+01   2.7621502e+05   2.7612792e+05  -6.6311200e+03  -6.6361497e+03
   1.9700000e+01   2.7555175e+05   2.7544923e+05  -6.6343400e+03  -6.6405021e+03
   1.9800000e+01   2.7488816e+05   2.7479979e+05  -6.6375600e+03  -6.6426060e+03
   1.9900000e+01   2.7422424e+05   2.7411632e+05  -6.6407800e+03  -6.6472583e+03
   2.0000000e+01   2.7356000e+05   2.7344868e+05  -6.6440000e+03  -6.6506846e+03
   2.0100000e+01   2.7289544e+05   2.7279597e+05  -6.6472200e+03  -6.6529727e+03
   2.0200000e+01   2.7223056e+05   2.7213664e+05  -6.6504400e+03  -6.6557389e+03
   2.0300000e+01   2.7156535e+05   2.7142608e+05  -6.6536600e+03  -6.6622626e+03
   2.0400000e+01   2.7089982e+05   2.7074744e+05  -6.6568800e+03  -6.6663809e+03
   2.0500000e+01   2.7023397e+05   2.7007577e+05  -6.6601000e+03  -6.6699565e+03
   2.0600000e+01   2.6956780e+05   2.6940105e+05  -6.6633200e+03  -6.6737257e+03
   2.0700000e+01   2.6890131e+05   2.6871089e+05  -6.6665400e+03  -6.6785813e+03
   2.0800000e+01   2.6823450e+05   2.6804570e+05  -6.6697600e+03  -6.6815983e+03
   2.0900000e+01   2.6756736e+05   2.6737780e+05  -6.6729800e+03  -6.6847881e+03
   2.1000000e+01   2.6689990e+05   2.6673683e+05  -6.6762000e+03  -6.6860361e+03
   2.1100000e+01   2.6623212e+05   2.6607325e+05  -6.6794200e+03  -6.6888890e+03
   2.1200000e+01   2.6556402e+05   2.6542033e+05  -6.6826400e+03  -6.6909701e+03
   2.1300000e+01   2.6489559e+05   2.6475133e+05  -6.6858600e+03  -6.6941717e+03
   2.1400000e+01   2.6422684e+05   2.6405071e+05  -6.6890800e+03  -6.6995625e+03
   2.1500000e+01   2.6355778e+05   2.6335676e+05  -6.6923000e+03  -6.7044415e+03
   2.1600000e+01   2.6288838e+05   2.6267610e+05  -6.6955200e+03  -6.7083580e+03
   2.1700000e+01   2.6221867e+05   2.6200109e+05  -6.6987400e+03  -6.7118546e+03
   2.1800000e+01   2.6154864e+05   2.6134417e+05  -6.7019600e+03  -6.7140844e+03
   2.1900000e+01   2.6087828e+05   2.6066125e+05  -6.7051800e+03  -6.7180803e+03
   2.2000000e+01   2.6020760e+05   2.5998190e+05  -6.7084000e+03  -6.7218022e+03
   2.2100000e+01   2.5953660e+05   2.5931820e+05  -6.7116200e+03  -6.7244370e+03
   2.2200000e+01   2.5886528e+05   2.5863950e+05  -6.7148400e+03  -6.7280682e+03
   2.2300000e+01   2.5819363e+05   2.5794877e+05  -6.7180600e+03  -6.7324801e+03
   2.2400000e+01   2.5752166e+05   2.5726992e+05  -6.7212800e+03  -6.7360632e+03
   2.2500000e+01   2.5684938e+05   2.5658865e+05  -6.7245000e+03  -6.7397826e+03
   2.2600000e+01   2.5617676e+05   2.5593120e+05  -6.7277200e+03  -6.7418974e+03
   2.2700000e+01   2.5550383e+05   2.5526502e+05  -6.7309400e+03  -6.7445786e+03
   2.2800000e+01   2.5483058e+05   2.5460404e+05  -6.7341600e+03  -6.7469032e+03
   2.2900000e+01   2.5415700e+05   2.5392518e+05  -6.7373800e+03  -6.7503851e+03
   2.3000000e+01   2.5348310e+05   2.5329041e+05  -6.7406000e+03  -6.7509745e+03
   2.3100000e+01   2.5280888e+05   2.5262034e+05  -6.7438200e+03  -6.7538584e+03
   2.3200000e+01   2.5213434e+05   2.5193234e+05  -6.7470400e+03  -6.7578820e+03
   2.3300000e+01   2.5145947e+05   2.5123735e+05  -6.7502600e+03  -6.7623245e+03
   2.3400000e+01   2.5078428e+05   2.5056641e+05  -6.7534800e+03  -6.7651962e+03
   2.3500000e+01   2.5010877e+05   2.4988657e+05  -6.7567000e+03  -6.7686175e+03
   2.3600000e+01   2.4943294e+05   2.4919062e+05  -6.7599200e+03  -6.7730377e+03
   2.3700000e+01   2.4875679e+05   2.4850938e+05  -6.7631400e+03  -6.7764963e+03
   2.3800000e+01   2.4808032e+05   2.4780863e+05  -6.7663600e+03  -6.7811589e+03
   2.3900000e+01   2.4740352e+05   2.4714618e+05  -6.7695800e+03  -6.7833877e+03
   2.4000000e+01   2.4672640e+05   2.4650400e+05  -6.7728000e+03  -6.7843421e+03
   2.4100000e+01   2.4604896e+05   2.4584124e+05  -6.7760200e+03  -6.7865788e+03
   2.4200000e+01   2.4537120e+05   2.4516055e+05  -6.7792400e+03  -6.7899146e+03
   2.4300000e+01   2.4469311e+05   2.4450700e+05  -6.7824600e+03  -6.7915576e+03
   2.4400000e+01   2.4401470e+05   2.4383544e+05  -6.7856800e+03  -6.7943017e+03
   2.4500000e+01   2.4333598e+05   2.4312290e+05  -6.7889000e+03  -6.7995349e+03
   2.4600000e+01   2.4265692e+05   2.4244390e+05  -6.7921200e+03  -6.8026868e+03
   2.4700000e+01   2.4197755e+05   2.4176817e+05  -6.7953400e+03  -6.8056223e+03
   2.4800000e+01   2.4129786e+05   2.4109978e+05  -6.7985600e+03  -6.8080977e+03
   2.4900000e+01   2.4061784e+05   2.4041936e+05  -6.8017800e+03  -6.8112845e+03
   2.5000000e+01   2.3993750e+05   2.3975982e+05  -6.8050000e+03  -6.8132020e+03
   2.5100000e+01   2.3925684e+05   2.3906020e+05  -6.8082200e+03  -6.8175041e+03
   2.5200000e+01   2.3857586e+05   2.3842004e+05  -6.8114400e+03  -6.8182437e+03
   2.5300000e+01   2.3789455e+05   2.3776168e+05  -6.8146600e+03  -6.8200662e+03
   2.5400000e+01   2.3721292e+05   2.3707774e+05  -6.8178800e+03  -6.8233904e+03
   2.5500000e+01   2.3653098e+05   2.3640182e+05  -6.8211000e+03  -6.8262240e+03
   2.5600000e+01   2.3584870e+05   2.3570754e+05  -6.8243200e+03  -6.8301163e+03
   2.5700000e+01   2.3516611e+05   2.3501221e+05  -6.8275400e+03  -6.8340447e+03
   2.5800000e+01   2.3448320e+05   2.3433219e+05  -6.8307600e+03  -6.8370592e+03
   2.5900000e+01   2.3379996e+05   2.3366571e+05  -6.8339800e+03  -6.8392737e+03
   2.6000000e+01   2.3311640e+05   2.3299779e+05  -6.8372000e+03  -6.8415631e+03
   2.6100000e+01   2.3243252e+05   2.3234763e+05  -6.8404200e+03  -6.8428236e+03
   2.6200000e+01   2.3174832e+05   2.3165955e+05  -6.8436400e+03  -6.8462516e+03
   2.6300000e+01   2.3106379e+05   2.3097274e+05  -6.8468600e+03  -6.8495865e+03
   2.6400000e+01   2.3037894e+05   2.3024796e+05  -6.8500800e+03  -6.8550560e+03
   2.6500000e+01   2.2969377e+05   2.2955964e+05  -6.8533000e+03  -6.8584256e+03
   2.6600000e+01   2.2900828e+05   2.2887782e+05  -6.8565200e+03  -6.8614102e+03
   2.6700000e+01   2.2832247e+05   2.2819402e+05  -6.8597400e+03  -6.8644898e+03
   2.6800000e+01   2.2763634e+05   2.2749974e+05  -6.8629600e+03  -6.8681383e+03
   2.6900000e+01   2.2694988e+05   2.2679582e+05  -6.8661800e+03  -6.8723015e+03
   2.7000000e+01   2.2626310e+05   2.2610467e+05  -6.8694000e+03  -6.8757301e+03
   2.7100000e+01   2.2557600e+05   2.2545144e+05  -6.8726200e+03  -6.8770436e+03
   2.7200000e+01   2.2488858e+05   2.2475186e+05  -6.8758400e+03  -6.8809085e+03
   2.7300000e+01   2.2420083e+05   2.2406564e+05  -6.8790600e+03  -6.8840171e+03
   2.7400000e+01   2.2351276e+05   2.2336229e+05  -6.8822800e+03  -6.8880449e+03
   2.7500000e+01   2.2282438e+05   2.2269229e+05  -6.8855000e+03  -6.8902325e+03
   2.7600000e+01   2.2213566e+05   2.2201630e+05  -6.8887200e+03  -6.8927366e+03
   2.7700000e+01   2.2144663e+05   2.2133088e+05  -6.8919400e+03  -6.8957399e+03
   2.7800000e+01   2.2075728e+05   2.2064212e+05  -6.8951600e+03  -6.8989072e+03
   2.7900000e+01   2.2006760e+05   2.1997472e+05  -6.8983800e+03  -6.9009114e+03
   2.8000000e+01   2.1937760e+05   2.1929397e+05  -6.9016000e+03  -6.9036235e+03
   2.8100000e+01   2.1868728e+05   2.1860458e+05  -6.9048200e+03  -6.9067831e+03
   2.8200000e+01   2.1799664e+05   2.1791683e+05  -6.9080400e+03  -6.9098392e+03
   2.8300000e+01   2.1730567e+05   2.1724837e+05  -6.9112600e+03  -6.9118592e+03
   2.8400000e+01   2.1661438e+05   2.1656473e+05  -6.9144800e+03  -6.9146727e+03
   2.8500000e+01   2.1592277e+05   2.1587753e+05  -6.9177000e+03  -6.9176599e+03
   2.8600000e+01   2.1523084e+05   2.1519411e+05  -6.9209200e+03  -6.9204344e+03
   2.8700000e+01   2.1453859e+05   2.1450105e+05  -6.9241400e+03  -6.9236990e+03
   2.8800000e+01   2.1384602e+05   2.1379545e+05  -6.9273600e+03  -6.9275989e+03
   2.8900000e+01   2.1315312e+05   2.1310826e+05  -6.9305800e+03  -6.9305215e+03
   2.9000000e+01   2.1245990e+05   2.1239348e+05  -6.9338000e+03  -6.9348553e+03
   2.9100000e+01   2.1176636e+05   2.1169128e+05  -6.9370200e+03  -6.9385154e+03
   2.9200000e+01   2.1107250e+05   2.1101266e+05  -6.9402400e+03  -6.9409462e+03
   2.9300000e+01   2.1037831e+05   2.1030981e+05  -6.9434600e+03  -6.9446053e+03
   2.9400000e+01   2.0968380e+05   2.0961976e+05  -6.9466800e+03  -6.9475925e+03
   2.9500000e+01   2.0898898e+05   2.0892281e+05  -6.9499000e+03  -6.9509157e+03
   2.9600000e+01   2.0829382e+05   2.0823216e+05  -6.9531200e+03  -6.9539027e+03
   2.9700000e+01   2.0759835e+05   2.0754309e+05  -6.9563400e+03  -6.9567959e+03
   2.9800000e+01   2.0690256e+05   2.0684132e+05  -6.9595600e+03  -6.9603139e+03
   2.9900000e+01   2.0620644e+05   2.0611775e+05  -6.9627800e+03  -6.9649048e+03
   3.0000000e+01   2.0551000e+05   2.0543578e+05  -6.9660000e+03  -6.9673921e+03
